0
0
0
0
0
0
0
0
0
0
1
2
3
4
5
6
7
8
9
10
2
4
6
8
10
12
14
16
18
20
3
6
9
12
15
18
21
24
27
30
4
8
12
16
20
24
28
32
36
40
5
10
15
20
25
30
35
40
45
50
6
12
18
24
30
36
42
48
54
60
7
14
21
28
35
42
49
56
63
70
8
16
24
32
40
48
56
64
72
80
9
18
27
36
45
54
63
72
81
90
0
0
0
0
0
0
0
0
0
0
2
3
4
5
6
7
8
9
10
11
4
6
8
10
12
14
16
18
20
22
6
9
12
15
18
21
24
27
30
33
8
12
16
20
24
28
32
36
40
44
10
15
20
25
30
35
40
45
50
55
12
18
24
30
36
42
48
54
60
66
14
21
28
35
42
49
56
63
70
77
16
24
32
40
48
56
64
72
80
88
18
27
36
45
54
63
72
81
90
99
0
0
0
0
0
0
0
0
0
0
3
4
5
6
7
8
9
10
11
12
6
8
10
12
14
16
18
20
22
24
9
12
15
18
21
24
27
30
33
36
12
16
20
24
28
32
36
40
44
48
15
20
25
30
35
40
45
50
55
60
18
24
30
36
42
48
54
60
66
72
21
28
35
42
49
56
63
70
77
84
24
32
40
48
56
64
72
80
88
96
27
36
45
54
63
72
81
90
99
108
0
0
0
0
0
0
0
0
0
0
4
5
6
7
8
9
10
11
12
13
8
10
12
14
16
18
20
22
24
26
12
15
18
21
24
27
30
33
36
39
16
20
24
28
32
36
40
44
48
52
20
25
30
35
40
45
50
55
60
65
24
30
36
42
48
54
60
66
72
78
28
35
42
49
56
63
70
77
84
91
32
40
48
56
64
72
80
88
96
104
36
45
54
63
72
81
90
99
108
117
0
0
0
0
0
0
0
0
0
0
5
6
7
8
9
10
11
12
13
14
10
12
14
16
18
20
22
24
26
28
15
18
21
24
27
30
33
36
39
42
20
24
28
32
36
40
44
48
52
56
25
30
35
40
45
50
55
60
65
70
30
36
42
48
54
60
66
72
78
84
35
42
49
56
63
70
77
84
91
98
40
48
56
64
72
80
88
96
104
112
45
54
63
72
81
90
99
108
117
126
0
0
0
0
0
0
0
0
0
0
6
7
8
9
10
11
12
13
14
15
12
14
16
18
20
22
24
26
28
30
18
21
24
27
30
33
36
39
42
45
24
28
32
36
40
44
48
52
56
60
30
35
40
45
50
55
60
65
70
75
36
42
48
54
60
66
72
78
84
90
42
49
56
63
70
77
84
91
98
105
48
56
64
72
80
88
96
104
112
120
54
63
72
81
90
99
108
117
126
135
0
0
0
0
0
0
0
0
0
0
7
8
9
10
11
12
13
14
15
16
14
16
18
20
22
24
26
28
30
32
21
24
27
30
33
36
39
42
45
48
28
32
36
40
44
48
52
56
60
64
35
40
45
50
55
60
65
70
75
80
42
48
54
60
66
72
78
84
90
96
49
56
63
70
77
84
91
98
105
112
56
64
72
80
88
96
104
112
120
128
63
72
81
90
99
108
117
126
135
144
0
0
0
0
0
0
0
0
0
0
8
9
10
11
12
13
14
15
16
17
16
18
20
22
24
26
28
30
32
34
24
27
30
33
36
39
42
45
48
51
32
36
40
44
48
52
56
60
64
68
40
45
50
55
60
65
70
75
80
85
48
54
60
66
72
78
84
90
96
102
56
63
70
77
84
91
98
105
112
119
64
72
80
88
96
104
112
120
128
136
72
81
90
99
108
117
126
135
144
153
0
0
0
0
0
0
0
0
0
0
9
10
11
12
13
14
15
16
17
18
18
20
22
24
26
28
30
32
34
36
27
30
33
36
39
42
45
48
51
54
36
40
44
48
52
56
60
64
68
72
45
50
55
60
65
70
75
80
85
90
54
60
66
72
78
84
90
96
102
108
63
70
77
84
91
98
105
112
119
126
72
80
88
96
104
112
120
128
136
144
81
90
99
108
117
126
135
144
153
162